0,432
0,431
0,430
0,429
49,5
0,428
0,427
49,4
49,3
49,2
49,1
49,0
0,426
48,4
48,3
48,2
48,1
48,0
0,425
0,424
47,4
47,3
47,2
47,1
47,0
0,423
46,4
46,3
46,2
46,1
46,0
45,3
45,2
45,1
45,0
43,52
43,51
43,50
43,49
43,48
43,47
43,46
43,45
43,44
43,43
43,42
43,41
43,40
43,39
43,38
43,37
43,36
43,35
44,3
44,2
44,1
44,0
3,2
3,1
3,3
10,248
10,174
10,88
10,82
10,176
10,110
10,124
10,1
10,102
10,2
10,3
11,26
11,23
11,22
11,10
11,25
11,1
11,24
11,2
11,3
9,7
9,6
9,1
9,4
9,2
9,3
8,6
8,13
8,10
8,15
8,14
8,1
8,7
8,2
8,3
12,2
12,1
12,3
20,2
20,1
